32  0  0  0
32  1  10  0.0200099
32  2  10  0.0200272
32  3  10  0.0206516
32  4  10  0.0219063
32  5  0  0
32  6  0  0
32  7  0  0
32  8  0  0
32  9  0  0
32  10  0  0
32  11  0  0
32  12  0  0
32  13  0  0
32  14  0  0
32  15  0  0
33  0  0  0
33  1  10  0.0203963
33  2  10  0.0203135
33  3  10  0.0206711
33  4  10  0.02028
33  5  10  0.0199962
33  6  10  0.0195742
33  7  10  0.0167589
33  8  0  0
33  9  0  0
33  10  0  0
33  11  0  0
33  12  0  0
33  13  0  0
33  14  0  0
33  15  0  0
34  0  10  0.0211182
34  1  10  0.0211603
34  2  10  0.0219877
34  3  10  0.0211817
34  4  0  0
34  5  10  0.0224057
34  6  10  0.0221012
34  7  10  0.0226179
34  8  10  0.0229685
34  9  10  0.0225866
34  10  10  0.0229222
34  11  10  0.0229812
34  12  10  0.0232694
34  13  10  0.0229852
34  14  10  0.0226861
34  15  10  0.0238295
35  0  10  0.0207531
35  1  10  0.020903
35  2  10  0.0209637
35  3  10  0.0208619
35  4  0  0
35  5  10  0.0224439
35  6  10  0.0218673
35  7  10  0.0221154
35  8  10  0.022157
35  9  10  0.0225123
35  10  10  0.0219717
35  11  10  0.0227462
35  12  10  0.0223676
35  13  10  0.0223443
35  14  10  0.0224512
35  15  10  0.0210246
36  0  10  0.0213628
36  1  10  0.0215564
36  2  10  0.0218092
36  3  10  0.0220099
36  4  10  0.0218607
36  5  10  0.0215738
36  6  10  0.0226832
36  7  10  0.0224719
36  8  10  0.0231187
36  9  10  0.0233722
36  10  10  0.0227402
36  11  10  0.0230522
36  12  10  0.0232651
36  13  10  0.0237115
36  14  10  0.0259324
36  15  0  0
37  0  10  0.0210127
37  1  10  0.0207267
37  2  10  0.0214291
37  3  10  0.0219743
37  4  10  0.0221737
37  5  10  0.0218821
37  6  10  0.0225265
37  7  10  0.0225696
37  8  10  0.0227558
37  9  10  0.0224743
37  10  10  0.0230998
37  11  10  0.0230573
37  12  10  0.0260008
37  13  10  0.0257531
37  14  10  0.0252353
37  15  10  0.0231485
38  0  10  0.0220309
38  1  10  0.021539
38  2  10  0.0217831
38  3  10  0.0219802
38  4  10  0.0223705
38  5  10  0.0223145
38  6  10  0.0231305
38  7  10  0.0227085
38  8  10  0.0225873
38  9  10  0.0228732
38  10  10  0.0235755
38  11  10  0.0226119
38  12  10  0.0233032
38  13  10  0.0227204
38  14  10  0.0368492
38  15  10  0.0340352
39  0  10  0.0275895
39  1  10  0.0272608
39  2  10  0.0277417
39  3  10  0.028209
39  4  10  0.0281919
39  5  10  0.0280978
39  6  10  0.0282995
39  7  10  0.0285767
39  8  10  0.0278848
39  9  10  0.0273946
39  10  10  0.0280996
39  11  10  0.0297632
39  12  10  0.0275218
39  13  10  0.0311264
39  14  10  0.0367971
39  15  0  0
40  0  10  0.0205874
40  1  10  0.0207734
40  2  10  0.0209406
40  3  10  0.0205688
40  4  10  0.0217955
40  5  10  0.0211867
40  6  10  0.0216727
40  7  10  0.0213511
40  8  10  0.0221461
40  9  10  0.0209509
40  10  10  0.0225597
40  11  10  0.0220338
40  12  10  0.0225088
40  13  10  0.0233972
40  14  10  0.0234367
40  15  10  0.0243715
41  0  0  0
41  1  10  0.0194068
41  2  10  0.0194897
41  3  10  0.0193876
41  4  10  0.019481
41  5  10  0.0204844
41  6  10  0.0202684
41  7  10  0.0206863
41  8  10  0.020692
41  9  10  0.0223933
41  10  10  0.0205248
41  11  10  0.0208666
41  12  10  0.0211168
41  13  10  0.0262419
41  14  10  0.022642
41  15  10  0.0227236
42  0  10  0.0210744
42  1  10  0.0206261
42  2  10  0.0215246
42  3  10  0.0211744
42  4  10  0.021278
42  5  10  0.0214592
42  6  10  0.0223442
42  7  10  0.0219695
42  8  10  0.0215865
42  9  10  0.0220738
42  10  10  0.0213995
42  11  10  0.0214067
42  12  10  0.022179
42  13  10  0.0219967
42  14  10  0.0225333
42  15  10  0.0207943
43  0  10  0.0247934
43  1  10  0.0243012
43  2  10  0.0243897
43  3  10  0.0245594
43  4  10  0.0245234
43  5  10  0.02463
43  6  10  0.0245485
43  7  10  0.0246728
43  8  10  0.0239773
43  9  10  0.0243122
43  10  10  0.0246833
43  11  10  0.0287935
43  12  10  0.0248124
43  13  10  0.0236605
43  14  10  0.0242025
43  15  10  0.0207956
44  0  10  0.0196416
44  1  10  0.0198382
44  2  10  0.0201431
44  3  10  0.0200643
44  4  10  0.0205498
44  5  10  0.0203373
44  6  10  0.0207936
44  7  10  0.0205597
44  8  10  0.0209413
44  9  10  0.0211704
44  10  10  0.0218187
44  11  10  0.0205988
44  12  10  0.0210971
44  13  10  0.0198151
44  14  10  0.0202225
44  15  10  0.019331
45  0  10  0.0193227
45  1  10  0.0195158
45  2  10  0.0201461
45  3  10  0.0202335
45  4  10  0.0202882
45  5  10  0.0200125
45  6  10  0.020392
45  7  10  0.0200235
45  8  10  0.0204567
45  9  10  0.0204751
45  10  10  0.0206933
45  11  10  0.02131
45  12  10  0.020808
45  13  10  0.0207238
45  14  10  0.0208777
45  15  10  0.0146672
46  0  10  0.0213689
46  1  10  0.0213025
46  2  10  0.0215753
46  3  10  0.0214575
46  4  10  0.0215669
46  5  10  0.0221609
46  6  10  0.0215086
46  7  10  0.021771
46  8  10  0.0218941
46  9  10  0.0221662
46  10  10  0.0215874
46  11  10  0.0220949
46  12  10  0.0222765
46  13  10  0.0223327
46  14  10  0.0216908
46  15  0  0
47  0  10  0.0204631
47  1  10  0.0207072
47  2  10  0.0196787
47  3  10  0.0196371
47  4  10  0.0199445
47  5  10  0.0200978
47  6  10  0.0181811
47  7  10  0.0191127
47  8  10  0.0193747
47  9  10  0.0184277
47  10  10  0.0191668
47  11  0  0
47  12  0  0
47  13  0  0
47  14  0  0
47  15  0  0
