0 1.80159 -38.066
1 1.64938 -34.8132
2 1.60622 -33.6991
3 1.68537 -35.6439
4 1.86674 -39.3624
5 1.7888 -37.5067
6 1.65607 -34.7218
7 1.81724 -38.2043
8 1.73922 -36.2092
9 1.71053 -35.4933
10 1.67376 -41.4809
11 1.62849 -33.5598
12 1.80723 -44.4243
13 1.63444 -39.8911
14 1.75511 -35.6495
15 1.72513 -34.5707
16 1.8187 -37.7524
17 1.74566 -36.1156
18 1.77909 -36.681
19 1.67144 -34.2745
20 1.85201 -38.1912
21 1.78172 -36.6611
22 1.67296 -33.9845
23 1.72926 -34.8891
24 1.80693 -36.7943
25 1.7682 -35.7946
26 1.95478 -39.8568
27 1.70456 -34.1955
28 1.72932 -34.4135
29 1.72376 -34.56
30 1.81498 -36.2695
31 1.62408 -31.8585
32 1.76848 -36.3744
33 1.7665 -36.3239
34 1.63468 -33.4049
35 1.71216 -34.9365
36 1.69767 -34.2892
37 1.65694 -40.0699
38 1.74471 -35.4402
39 1.76671 -35.9657
40 1.84836 -36.9145
41 1.65766 -33.0491
42 1.76187 -34.9925
43 1.90051 -37.9586
44 1.83537 -36.4672
45 1.84741 -36.5298
46 1.75603 -34.5301
47 1.87656 -36.5614
48 1.90428 -32.4788
49 1.75828 -36.779
50 1.82592 -38.0197
51 1.67008 -34.7319
52 1.84975 -38.6021
53 1.69772 -35.1071
54 1.8168 -37.5336
55 1.85095 -38.4993
56 1.74074 -35.8143
57 1.92489 -39.6688
58 1.76883 -36.2559
59 1.88969 -38.5938
60 1.84959 -37.5904
61 1.71271 -34.4456
62 1.83132 -36.5312
63 1.79411 -35.851
64 1.80999 -38.7831
65 1.73561 -36.9879
66 1.79171 -38.3202
67 1.6294 -28.2473
68 1.62492 -34.4342
69 1.70155 -36.0491
70 1.7099 -36.2461
71 1.66826 -35.1852
72 1.85845 -46.903
73 1.63361 -34.3228
74 1.86867 -46.7999
75 1.62907 -33.9158
76 1.67218 -35.0445
77 1.65614 -34.2994
78 1.6142 -39.5823
79 1.70923 -34.9577
80 1.79489 -38.849
81 1.88159 -40.7301
82 -247.911 5454.04
83 1.78993 -38.812
84 1.60946 -34.793
85 1.77821 -38.445
86 2.01442 -43.5781
87 1.8577 -40.1805
88 1.86028 -40.1242
89 1.57735 -33.9404
90 1.86385 -40.1217
91 1.83275 -39.3115
92 1.69673 -42.9985
93 1.79035 -38.198
94 1.59994 -33.7924
95 1.61946 -34.0923
96 -247.561 5446.33
97 1.81171 -46.5626
98 1.72483 -37.4673
99 1.69595 -43.6085
100 1.63474 -35.4803
101 1.74026 -44.6959
102 1.675 -36.3194
103 1.80145 -46.2129
104 1.74082 -37.6449
105 1.69178 -36.5633
106 -247.031 5434.68
107 1.68122 -36.1497
108 1.69781 -36.4416
109 1.75692 -37.6357
110 1.66711 -35.4469
111 1.50853 -31.9328
112 1.6993 -36.5683
113 1.71073 -36.9997
114 1.7479 -37.8039
115 1.82757 -39.5677
116 1.82009 -39.3336
117 1.87221 -40.3762
118 1.82919 -39.4636
119 1.83282 -39.4288
120 1.81876 -39.1178
121 1.85673 -39.8759
122 1.83926 -39.3847
123 1.82931 -38.598
124 1.97494 -42.1353
125 1.82838 -42.1682
126 1.81311 -38.0809
127 1.74255 -36.4657
